532786914487915632196342857843179526679524381251863479715698243928437165364251798
641975823958263174732481965317598246465127398289634751823756419574319682196842537
185632497324197685796548213467851329918423576532976841659214738843769152271385964
857912643429367851361584279698243715235176984714895326942658137586731492173429568
912653847364872195758194326523741968471986253896325471247518639685239714139467582
265493178319287456847561932536874219971652384482139567154726893698345721723918645
648529371519736428372814569897651234436982715125347896284193657751268943963475182
213948675645317829798265314152684793436791582879523461561472938924836157387159246
173852946268394715549167328697581234851423679432679851915238467724916583386745192
684512973129736845735498216592183764817654392463279158958341627271865439346927581
145837926982516734637492518793685142564321897821974365359268471278149653416753289
981352674764891532235674189359716248812549367476238915548963721627185493193427856
762983541531476829489512736216357498894621357357849612643198275178235964925764183
691572834784631259325498671236957418159846327478123596517284963943765182862319745
947532186536918472182476539328147695765329841419685327253764918891253764674891253
142378695968521374753469812815693247624817539397254168489132756236745981571986423
549618273632475198781392465876149532293586714415723986367251849954837621128964357
864127539297635184351894672485972361736481925129563847972316458648259713513748296
438679251679125438152483769863947512945812673721356984586291347394768125217534896
768923451395147268421685739852379146136452897974861325583794612217536984649218573
