153294768287615439964837521329581647871463295645729813712956384598342176436178952
754932168621487359983615274879521436346798512512346987237164895168259743495873621
854296731912573846367184925678415392139728654245369178426837519583941267791652483
674521398913687245852394167537462981126859734498713652749135826261948573385276419
951234768863597124742186593615879342437612985298453671586721439179348256324965817
734219685512768493698345721845973162371526849269184537926457318187632954453891276
942758316368124975517693428281475639635819247794362581479531862123986754856247193
854372619231698457796154283485263791179845326362719548928537164513486972647921835
468951237753286491921734568615342789849567123237198645174823956582619374396475812
845236971931574628267189534479653812326891457518742396754328169182965743693417285
367145298284369571915827463459786312623514789178932654842651937736298145591473826
571683249682419537493752168358926714164375982927841653835267491746198325219534876
654938217913672548872514963546793821791286354328145796185369472469827135237451689
215376498739184562846529317561497283328615749497238156674852931152963874983741625
287935146639417528154862739512674893963258471478391265321786954795143682846529317
523169847684537912917428635136285794458796321279341586792613458345872169861954273
512643978947582163836791254679235481458179632123468795281956347795324816364817529
312465897479823165658971432536148729281796354794532618963284571825617943147359286
917863254284957163536412798821579436493621875675384921768195342352748619149236587
217356948863491572495872613584763129639214857721589436172648395346925781958137264
